1
1 200
3
1 2 3 4
3
10 30 5 60
30
153 138 135 18 123 74 59 192 119 46 130 4 182 98 62 116 144 199 92 9 30 37 196 138 196 53 9 161 115 192 100
50
87 143 160 66 199 130 110 102 172 91 21 17 138 50 98 120 110 54 7 187 117 109 103 36 57 34 12 16 16 163 6 102 58 118 119 56 47 28 157 19 70 129 187 7 131 84 127 40 89 133 27
100
195 18 121 175 89 88 101 194 66 171 26 83 50 116 192 169 189 23 152 10 102 193 48 33 150 159 55 56 92 126 55 38 95 128 165 135 167 17 129 32 187 106 66 188 21 10 156 161 184 60 123 86 52 122 118 2 80 124 9 123 1 16 161 48 95 77 182 13 93 62 196 79 119 62 66 91 23 22 52 158 33 174 195 84 47 112 37 127 187 198 1 140 13 161 187 59 37 120 71 129 134
150
136 77 85 83 140 48 118 116 175 98 14 63 119 113 155 82 6 186 182 10 169 43 166 25 37 66 124 162 38 115 110 126 143 146 8 83 193 77 150 119 174 164 182 44 28 88 126 33 73 59 43 41 53 160 18 42 178 93 155 15 160 16 92 102 161 51 136 154 128 86 24 53 1 5 49 28 92 126 61 165 136 55 157 188 166 126 181 143 19 135 110 178 102 1 79 63 4 15 168 131 52 191 135 52 196 135 79 39 60 91 3 195 145 112 135 111 37 115 5 7 2 66 136 103 19 167 117 22 133 84 104 184 27 190 35 22 125 65 12 184 156 15 131 100 78 65 162 66 131 119 73
200
98 105 112 154 136 7 150 190 120 119 109 152 89 68 43 106 31 118 48 174 125 17 55 41 46 171 151 184 141 160 71 190 65 135 143 200 141 93 141 12 163 49 163 4 68 157 109 99 74 108 24 198 76 78 191 122 1 141 57 141 53 128 131 117 14 25 116 106 117 8 117 32 56 80 35 75 188 95 125 62 2 148 11 77 26 1 198 178 94 7 118 146 134 200 62 147 25 129 4 93 136 120 124 143 151 110 169 139 4 94 200 157 41 162 34 18 115 183 195 8 189 65 105 74 64 118 172 40 198 175 133 133 95 8 27 45 118 195 135 73 88 86 30 81 48 15 98 114 197 45 73 138 109 177 163 172 46 135 164 43 61 96 127 107 55 153 104 172 99 38 45 139 124 74 19 171 88 68 36 36 112 108 125 20 36 88 144 81 174 107 123 186 2 49 93 8 153 196 180 3 33
200
200 200 200 200 200 200 200 200 200 200 200 200 200 200 200 200 200 200 200 200 200 200 200 200 200 200 200 200 200 200 200 20  200 200 200 200 200 200 200 200 200 200 200 200 200 200 200 200 200 200 200 200 200 200 200 200 200 200 200 200 200 200 200 200 200 200 200 200 200 200 200 200 200 200 200 200 200 200 200 200 200 200 200 200 200 200 200 200 200 200 200 200 200 200 200 200 200 200 200 200 200 200 200 200 200 200 200 200 200 200 200 200 200 200 200 200 200 200 200 200 200 200 200 200 200 200 200 200 200 200 200 200 200 200 200 200 200 200 200 200 200 200 200 200 200 200 200 200 200 200 200 200 200 200 200 200 200 200 20  200 200 200 200 200 200 200 200 200 200 200 200 200 200 200 200 200 200 200 200 200 200 200 200 200 200 200 200 200 200 200 200 200 200 200 200 200 200 200 200 200 200
