0
49804
409159
977644
588001
953090
370211
447364
983971
255004
546530
304646
435344
968803
332096
350051
888171
675044
189586
331643
991452
939237
491602
609961
217600
303449
787530
932028
552404
49027
183238
680902
706597
335203
784785
396519
902226
424144
378722
971089
580227
199362
507211
160018
583882
825226
169600
943505
412837
584970
447211
195227
740900
902730
147324
809226
540730
430403
294096
593602
69569
699811
31026
206544
815104
975104
933379
646811
720466
934121
630085
951716
606887
569297
289025
54289
19346
706566
595204
725138
683684
197904
152091
378212
574565
591412
706442
949129
279227
609721
263449
870049
275346
465329
83684
332805
534012
160000
353963
991047
450628
384839
488161
478146
169249
764900
11345
860610
131907
552770
653226
317027
24651
552401
517324
516903
530628
701244
141906
341090
897603
201104
611876
423252
454567
574117
736491
932364
446546
979778
365802
916811
450242
232484
301281
932103
50402
620130
951852
694892
404210
616839
362483
625625
40002
321561
871569
704897
380901
890482
868900
583921
619225
489323
548001
812517
502501
441252
238130
890625
299397
350628
602756
341479
160787
58329
875600
27557
359719
737216
904101
182329
122228
798092
198119
971089
165042
572102
55226
20806
297684
304842
132359
968211
327227
24102
584164
400805
280844
454464
425041
381284
421482
676171
846652
186566
552357
56017
979264
984166
534722
260097
444025
380172
762442
106625
235225
161619
324005
657971
105602
192517
435045
200249
828357
334227
622403
785962
81929
116007
907051
305956
98404
33601
476330
933927
153939
774784
121159
977202
175626
904901
790402
438450
766331
554762
825529
306226
868626
909907
46226
604816
206401
461958
261184
814690
731369
29184
908902
135826
968101
487296
841561
425482
721332
826597
87882
129043
366018
739044
374278
237447
679506
433603
417370
342892
864850
114841
56903
296484
814969
588131
644101
104226
909763
45925
475603
965409
564179
763537
544036
405477
762726
485799
404903
739730
441603
867844
171206
330756
600402
609492
401
53284
751699
502502
484228
454924
851801
487411
400731
351365
679426
962759
305123
538387
954961
555602
815826
381971
799083
811852
541446
573571
355052
318400
891602
118412
369049
774028
890886
265449
629652
851644
410576
555398
194681
239025
457411
446785
756092
253478
674362
750625
653241
594947
380359
425041
410918
913798
858245
902437
417285
522500
309185
610001
771237
222467
905626
262119
719104
488651
144844
591298
405187
146438
938496
33844
356738
164449
990922
148498
411367
247745
223081
446785
636419
107721
461924
267569
802170
395369
363801
20044
412130
462544
742464
369364
274563
696656
573362
787458
861370
799239
635524
623363
492544
191884
389287
563227
559507
646028
826281
283010
123884
131722
402500
331557
756902
915881
653202
908901
211876
610481
889764
48103
806245
776570
499664
441959
228900
798889
224770
4964
883858
110123
384902
810277
517925
413532
730628
324627
414658
589639
744524
207366
410003
22564
893969
41564
338026
733044
629798
14245
101507
467844
853321
529027
536026
903842
892903
250026
27004
397638
761985
496102
667603
886364
393228
402501
919698
624400
135644
742227
197681
739666
45028
860305
388228
412101
625424
755028
393764
588099
720929
749159
766564
684647
377477
295228
636486
505524
760028
748806
309585
531931
897105
655207
134442
283172
367850
14001
979264
585600
648561
285585
111206
476292
964028
450844
950441
57026
392162
732026
81024
367046
272006
791732
355011
401602
917157
320643
611238
808403
909652
555010
547369
907345
872966
950563
19603
675889
932652
705218
124011
126978
599322
28410
837682
382599
290087
897372
52002
314578
527202
695227
819641
121028
85121
494930
886227
890612
860946
56244
492307
704102
505449
829443
616884
767938
527507
993025
634921
790224
700358
761317
567769
742251
872517
624612
888049
740841
239364
821690
758227
301043
42443
810130
294225
567298
81347
869458
151186
761228
39879
132571
237764
768978
322500
478405
928102
425042
37184
261401
876547
68903
153104
421564
966091
180930
888732
297921
202384
729936
160402
994897
703284
952517
743569
302563
227961
912572
323227
764962
902979
552026
314436
931536
311078
483777
766565
89451
668882
701318
955042
192007
820485
616147
219004
541028
23376
784902
207841
715564
668228
142643
956901
219204
118401
856322
825602
465923
477322
736284
197682
881131
845447
990400
736402
220496
354321
915778
921571
536166
1937
571457
188739
302503
769129
179778
558338
629226
804103
110130
993051
149025
757799
830098
922087
489922
849228
352004
420627
595092
17163
260442
875524
921601
25616
272839
189156
183506
819557
638123
604103
301009
154170
316228
79825
368902
864647
622339
353446
408486
895523
308803
786084
805228
696364
561002
148329
286544
388101
402849
28197
158403
75132
799226
932025
569932
413777
700547
836486
223932
665849
622116
833925
795536
633745
354684
999372
461779
392578
667026
450962
433601
348486
800998
864402
396490
432103
536227
542563
118785
446412
28049
669799
508357
875729
883644
603603
552979
290599
211227
766276
104482
583718
155129
225628
725444
184731
244490
246810
677126
329227
290084
130250
935091
515345
878336
538944
775970
355329
102977
558201
954090
895683
660865
401163
978578
12027
303744
475724
589882
833600
991372
309564
76102
615617
224386
555026
396516
875267
206402
952100
536161
562322
860624
284850
508901
654602
98596
165684
739779
792101
727131
162438
444652
830610
387217
141609
832929
137600
746244
906496
212806
579026
118338
180625
933803
635344
821027
30227
355603
578384
316325
225028
998403
250122
498771
224102
668404
162202
681091
378371
436867
684518
675011
733904
914324
238769
146066
339603
42026
307686
755844
67681
229209
418850
826599
582241
524964
105987
970257
249851
227049
420130
412211
684123
798226
435986
997763
477606
848899
658026
26483
122501
641443
824812
754756
445827
432385
891372
456228
685844
284864
989956
36225
503937
208401
403028
21187
567769
37447
968102
170251
607082
810087
264258
296401
823745
6086
916818
84026
431692
971026
795283
232005
40900
629638
394402
802500
779138
840002
99028
511482
53851
688038
470772
676417
960338
497156
527206
382090
669959
932497
678891
934090
528529
218410
321024
165132
656690
101456
617447
192330
704965
654097
91164
569027
905600
323218
554084
16806
828901
378210
655627
541027
824102
417297
95651
317226
692604
696371
769762
372005
307687
656965
824027
498439
588292
450897
570403
890627
661477
343237
881600
345129
928102
815652
276209
523051
568089
893028
25605
805204
143730
576678
567924
486682
279078
92
235217
228627
246097
433883
244481
519841
63107
707892
144131
226247
445164
565052
15625
462761
443330
702916
500497
487878
949249
701929
983842
384067
640464
873638
696147
893043
633157
5265
494228
983131
432578
865959
265841
666801
961491
117025
944403
952896
573044
185521
916903
441925
473218
118400
357447
916805
204882
389125
40404
810026
183690
157507
329091
209539
779026
407684
754497
979907
149056
434852
257027
672645
82484
432971
924900
110027
428737
868484
420132
431879
377225
587207
984167
821690
856387
428252
37322
839372
817731
968837
811264
6372
336929
969802
440384
883345
130257
517136
40969
405458
644357
417372
638369
139132
633692
931987
225625
596452
48228
937426
312519
360882
411601
729161
521961
138484
903399
350321
676641
484025
831687
153603
80851
890727
76006
12361
413371
739227
552402
911844
963532
566544
960602
254162
324817
595492
625424
351365
470116
539931
517157
137564
363804
12416
651243
421289
2501
8656
986292
672403
494976
908852
463236
294247
782785
107265
832385
112102
474085
274249
720052
778179
707559
769761
786306
329105
592612
971217
999803
304324
341521
608329
326041
544358
231228
47771
400628
209601
856903
392364
247681
447969
508372
74489
76450
373370
171644
108251
304249
721926
572124
382917
923345
821683
11206
315878
935132
622404
113225
614865
420199
176786
860197
660900
914084
649639
94081
196006
278401
328657
263850
173121
417285
369984
495852
364049
609972
549227
504902
54917
690067
788196
350163
725625
812028
176852
173266
337011
550729
936226
660651
720225
678690
732481
176518
936282
737426
623227
220101
725961
760102
310336
831228
769024
677892
665411
262119
806097
559650
212100
830282
753606
54598
545482
785601
962962
131136
215427
257523
740945
607745
409024
126889
860901
862247
488041
533228
3846
539986
783696
381771
588356
452805
195716
242610
786490
724864
330438
18887
750842
562727
347922
785489
450082
340251
488489
247969
421157
26732
400961
637163
32658
416903
646145
208028
382784
868690
911243
735076
417641
440326
109025
509228
572924
890332
322028
927047
810817
655227
266402
80628
629504
590465
866450
183936
787347
245227
77377
929721
722228
459397
274704
659204
328802
590245
287362
601797
856010
788903
770758
855238
745802
214027
708998
251970
203601
374210
822916
149266
25025
793984
956738
127716
384641
902976
163602
257603
961286
546363
410249
704196
61959
938721
157731
870241
676102
830228
300204
430225
480965
129666
139602
125625
260129
655627
972028
702228
51047
824336
29799
125626
4841
12164
831877
183237
502212
40659
226946
489799
22121
726278
395586
102500
323890
380628
163483
27970
60098
695411
918652
997447
660452
57617
577971
301883
263226
430763
430757
687845
301042
679772
825444
531600
7644
560785
469531
89251
502500
639238
500816
958249
890626
317607
607050
82304
308043
193346
149442
520291
777161
561410
733697
301139
982339
419600
585477
498209
160401
700487
641027
378576
897924
68684
479241
324807
58481
712836
609345
62500
572612
670885
598225
606801
748327
738569
863844
417569
551050
928762
99602
635849
433769
389612
883602
13227
562501
162884
678123
879372
641746
766916
394362
902803
663027
784326
741458
84
354364
856679
118412
797766
247002
99237
431028
902501
998225
268965
323889
249522
996571
920882
592645
651411
398018
417092
448642
119851
574658
750841
121227
683227
359403
779691
640403
812625
490002
115027
559683
205628
369285
16902
241799
512249
980901
564945
929476
595643
877364
609798
960002
288258
455226
480997
9603
352464
632164
859046
796902
926027
128770
675684
992704
960570
345856
762892
509139
810276
997642
931602
913605
865612
113961
357906
731026
314723
603603
51226
476044
344028
380224
173721
670787
602503
83986
687365
771411
80006
783170
194283
616401
38402
546811
108169
662416
999225
662561
71242
387600
108241
863718
281027
912966
575684
335371
830683
674566
46336
635207
325650
919225
815205
925369
636203
901971
118117
641603
496890
477521
375026
599492
910546
730252
968403
627857
97156
417602
9929
210804
453767
63290
793799
100625
805604
874885
741956
975627
547251
228090
427764
698362
251138
840103
354179
979602
461561
311524
471884
438400
543046
480964
6727
780723
748443
51292
447329
709159
543205
540103
944384
524289
20817
379812
304364
531643
157321
241346
993450
964497
187763
726763
3483
227571
427412
33601
363985
866403
761123
727379
456101
930442
844199
281426
739666
663129
565186
975626
647937
518739
19611
120978
562064
353284
569424
933284
729159
824197
759026
885157
58087
497403
217603
265957
276005
906085
335961
587205
21732
951524
507345
874050
96212
977204
558400
24903
990003
658599
963572
579665
934402
937050
25927
65927
216165
235802
165283
448604
697225
70279
472227
326044
222129
705477
146704
529251
561882
586803
810001
704812
769170
201042
397241
679850
322502
624041
902502
500102
343057
106257
525824
931684
567921
1522
80901
377446
557026
671364
162522
331009
906945
106652
324179
634028
67363
224678
180970
248102
394225
573958
395132
229921
615329
367059
254339
689524
946384
5732
708103
334087
1477
639846
747217
235522
621003
886849
254972
645156
255283
588443
653925
1479
561042
917082
149202
625002
425625
655082
135058
943225
616704
768849
637477
81292
47892
300496
431027
707216
232164
973026
691322
908678
629122
408025
994412
521744
368529
547610
297082
277129
292039
439558
562500
726490
575412
715602
963047
200806
550027
231228
657409
203584
441601
890000
912484
100649
589603
136769
97027
512903
626707
142916
162244
569600
584451
16690
178026
160257
347602
203409
5228
734683
392842
705050
303296
988325
386816
521889
327851
419904
11001
367228
768257
833228
719525
514251
841317
830628
112402
300037
85451
43921
226246
100403
996027
485479
70086
224516
49027
182202
393125
652901
575685
778724
790402
218690
630225
202164
169926
230626
253481
33226
711939
656101
166449
318436
179666
437478
22801
482945
172531
584850
647331
246467
490931
562502
811802
11611
914972
520003
40001
480044
580625
780226
906256
313925
486809
474564
508409
809600
202500
396496
362652
251364
479291
692198
173958
961027
672259
273297
194598
691441
509158
526099
510523
122226
727027
240609
172201
438091
180625
880005
595879
399492
988103
975924
238092
872646
900946
805682
964026
487411
96971
198491
11891
100486
268210
302970
328521
60689
360900
704102
716546
859906
25627
588172
120007
294404
978411
772226
553028
735557
645957
998004
115011
292545
496978
90439
538626
563850
888042
115682
937426
594599
115489
968091
11450
566803
243226
306385
601172
152359
702865
868485
155626
817732
491643
924546
637769
445371
518439
299369
693171
380626
524924
806099
74757
665858
81443
374017
601171
100772
160403
896387
904259
915602
257652
137159
679130
53081
574864
328005
145618
998002
406547
434887
799962
647226
37012
126692
516197
183719
238404
28562
690923
328049
143825
734043
89024
451362
990027
75171
138402
209203
245606
234579
725409
464769
26227
326084
495730
372025
323225
112283
798491
622401
535962
848892
306081
880971
289636
161603
642332
273090
196050
278921
202498
725778
3292
340326
482028
968838
221763
640677
323226
487204
51026
908177
473442
426444
955626
867686
864226
191206
328100
501586
686042
302964
949252
334650
430545
156097
597226
296903
855121
423243
400102
880963
911298
567922
68417
848337
875859
44625
673538
428166
39398
796521
325957
146642
724684
