1
2
3
4
452810111
27222532
10434380
487174128
445123644
483042787
247405090
79825824
43643195
814037376
488035824
67769658
9349120
8317896
406187820
136664095
250846750
44190309
752973102
445257930
776528121
104504076
454597096
765769827
34027370
328200246
357930494
406685322
78634143
184699440
854227143
252398324
41880321
173549722
137450304
101325453
23239440
104520234
62539120
429840
725484500
295394748
768631600
291906180
49500096
534880525
109437726
219360575
122700812
628414212
169981308
106826060
109416940
601073260
79876300
323011800
35766099
15064096
719704539
167359584
313693380
121241440
464647449
568174228
138089010
371109984
108336416
583899830
561260884
328242591
257877836
483535806
146762724
170932459
22505921
480661167
56784726
451159884
34729396
187399622
119095550
198654823
378551680
461455692
84080290
156388586
19446999
49006240
28571738
369964008
301118792
140339826
58303124
21071738
22950850
312109029
93248276
318161682
164973984
145324986
422001482
76085694
361259426
105965685
178981542
37609264
48212076
5021328
743750466
177317481
22972404
444499860
21355264
350106753
615309288
162946336
5472467
149386743
17870720
332919802
892935071
44097216
289736925
232453648
27964405
24052577
191753130
483970544
264243720
24931038
183546076
109444450
288617212
19796490
164739168
184306563
196161372
331309056
425099030
190317708
106515691
272019704
9636751
59065760
452494350
400108368
126908124
234655168
29704030
149911629
95673532
76461053
212686320
974588274
116159770
3420873
11903166
759729996
254227320
829047725
19079998
133546812
160336965
2877052
248328000
527324128
155758944
33362252
622193380
801499050
194566494
187070700
618783624
196430529
42912250
95485830
24159606
463775264
230787810
264831882
6803374
712116720
196323951
197002436
50330005
125808637
503532120
162067001
91989446
374729724
107415360
199030321
998274403
358608360
399729908
11405600
231773282
12536095
906643881
4476758
401281210
543101652
35822600
104800
272276928
45720433
282773338
200712480
103260102
133892913
163968640
442642156
162863808
397374654
595992570
160803511
199290640
152591346
841330272
82526240
476955480
72725814
3305275
272362769
31175160
591495
602584290
113474232
49401720
384391360
912009780
40658226
533508459
142016543
46606422
17673362
22204032
895564
446720912
26510874
766952816
683023736
18343744
30360960
393878946
292953780
117995775
275894124
163745296
217399155
84351840
463245079
538938090
311639819
32601800
274726263
75650904
1805859
344856280
74675763
628344882
69152694
80330495
575225515
893399232
559300815
309642261
113416548
514782690
172231335
425967331
313129968
90816668
260596548
297168976
109271683
72326592
203172822
228384954
908421174
118529046
357351890
36337330
342432364
359843200
304314480
33159566
623542057
372376032
109333077
95580630
36333450
2015664
62227305
76810800
313841430
125046810
32165766
298125351
26361496
261371724
143378000
92670488
107182488
807598868
95532936
256010586
122374756
15993018
262592330
32165892
57754950
602720250
377204508
560697543
25286198
309367835
234426062
9942642
8369792
147547668
817815180
10184195
351303172
442747444
240506190
67421396
175133855
90152304
151257000
189525600
103809260
221552505
28790478
465371082
117138596
414134020
33022874
109651893
668797829
316161468
54484424
701612128
543461380
417254065
447479640
844246248
20272147
93583175
4082554
233487713
331494205
224973300
126810816
601467372
104522130
597901773
24209319
444240730
286509343
375430581
623944410
718620600
512703450
649803190
26715330
22702260
190918080
31775040
562007754
153433874
167969046
92574680
65106160
269128850
957851730
222647890
325778256
447739677
351430953
263574028
796852498
877826790
551653544
20243949
131700096
149290739
161172592
661464992
620077942
215338410
7337060
178599600
431131365
640452450
4138048
380877369
4424964
112241766
391697100
547878768
304364844
19701099
117655824
128833875
116867610
210235445
175209675
73953264
955954470
27848022
93580071
722582100
312494017
108714515
361050264
38742596
170798230
73616607
134110746
125342880
160365828
10102784
110068266
247793000
579414650
187906665
155567424
204088000
327494232
70536111
215071777
55776390
65762018
1797404
1864154
350086452
916458496
183753712
53526795
187169400
6005445
53050032
271967368
52467695
108159744
60119540
835896224
384936552
452739360
665457520
287451775
293011065
736281840
63176240
20472864
360484375
47636428
33594263
70646264
671196948
53541000
139871844
172232487
341873232
155374259
468986154
76205664
520834200
496312950
68680062
169784649
667676765
137690330
137788354
53728290
389057592
351943926
754284620
135274825
621182016
155847700
887024984
853160511
796362097
754352424
21105936
693392570
152855148
3767512
334222236
50089887
292162416
161520843
146616417
317738922
58316256
71827722
785351448
408783762
7962790
34474688
359029088
232148916
200787300
141840015
234573708
32826930
171167040
370162848
267652136
126078148
310483835
734524138
112933890
158582645
181081443
361517985
280957572
234661966
68462800
531215816
10816146
387714427
424297224
36253620
340890642
789692960
767167506
768610596
295913210
33305295
4346738
474048
18871860
769661984
408727902
664528158
49866614
128566740
317428194
46345332
684444516
6822060
331913465
247503486
292143033
65966208
47926840
3855513
33271360
100125440
165018974
361484010
212754600
203686861
257392352
575710520
56454078
114307803
239190348
505498485
198373466
1707980
172008032
564773960
538777820
698548968
576255528
96800
767875451
91872930
160697523
75886980
629343442
882754070
95755968
124362735
309308625
434595909
175934080
173330652
30997008
727628800
525544410
44912511
108221913
119458320
320193555
41661375
460036245
245639125
59059490
75513312
16185896
418153340
218908161
97206410
69397200
74605875
15249318
306354456
122014021
24437133
181335924
529407351
945523947
80979957
364003534
565394786
352426375
810832372
260492598
5614108
66381084
13442660
354978
27342414
9129294
550768456
20030604
607926123
359958375
232834176
85080
24822876
325298070
157344866
116724412
360269996
238164717
688767717
86717169
867769160
479810565
206011215
146879710
595752066
110771507
259844970
106664964
254639644
839898906
267659640
286718832
2721141
363339900
106610469
308131404
807366516
11122056
125020267
27932382
20995481
133680469
14726994
29204970
790980580
87692217
5288998
730355045
106401182
331337412
19265400
55062995
85637450
444968802
54208014
133902734
356035224
47392630
94746844
160913652
373389858
507656142
221622625
350199560
475882012
203382800
60599336
86682400
24663140
26527456
56207018
152053308
132026070
10783872
294201556
395661510
406526352
9815534
86085260
598880637
159074685
599842836
494931353
8367680
181914165
16808560
468050076
91190016
114807954
199785196
48214864
564930192
756620451
522358218
932391180
59780433
17699500
202158
117403300
3489537
78074126
44613600
307039704
719257812
40920008
38132673
479693844
185541330
41555682
51239032
480572554
20272828
41702515
43554280
63179544
236598172
5111442
137653945
620959920
402741612
692828604
500904509
316719585
137057184
453136
305064830
304389750
250527200
532056780
914130524
696476225
286602482
223111787
837284588
367464960
198555000
852534675
8723976
312288896
166168743
700222523
147963735
467276854
585408928
66614904
29415022
309540618
106984623
219572595
352943444
308363100
2826880
240335360
66392238
138206604
605611464
274347840
45398232
4670640
1422040
93066337
479081930
67871940
252508708
181411723
201324396
621274724
316423124
610399920
184873230
100186713
359177280
206529606
377584720
191654372
75765294
448823889
521286158
425020635
304613523
191201050
473353034
83476512
365400672
635003540
592769375
368955576
414110700
15817648
449359814
639576384
71596980
298578474
14857596
965927664
639883192
154447560
71226259
142638750
35457420
556753978
108193332
65073750
422875700
103631375
344049828
72776112
84651958
63582399
175608179
141971752
669100425
110251500
480784920
875108200
241837336
421721176
19739577
126260071
173621142
238179250
433580074
267118592
121833222
84338162
84242352
49550820
308684424
9111312
173757870
39654269
765113104
600470988
766435408
350620288
179066520
230608982
83863040
11701008
893180
416043153
26680640
249436845
139731312
6438312
875610253
43767080
8319845
639444360
214834354
385175280
5991106
474439690
3407289
295834732
829798400
465686802
138969495
72689484
125299668
724059116
26324940
31171020
47069970
580134772
178952232
77483850
229691683
220726575
35401904
489981193
617741272
242561280
216701255
461876655
256756010
202368744
455023326
368045496
64298772
971606680
41758076
183701805
21957669
15430529
603193226
228433832
99214462
1280780
342755340
5892432
112255363
593413069
838883240
117958761
26586103
344237250
83665400
7326039
229056060
315482904
39429768
499165625
489706352
85697030
196745430
50679174
244572522
22145502
763395390
179471817
231531795
605500728
220886028
537012656
35111800
499608750
685690026
424217920
62885592
9139006
265515772
781759786
74775679
309258056
516497614
12097050
173628048
19843106
744446762
305223384
236704950
1001350
392197537
246897660
47396788
41348250
23651973
398297658
169722938
387966477
16801764
151426938
128162676
851877726
81204696
407705544
51053238
564616921
668666736
432923634
45677654
104951380
752544695
785225760
278039824
20542522
13108867
62322001
189289440
433970420
185150910
706777386
418835340
9265768
235881281
10648075
553558014
2516616
472812219
612614415
56494784
321047706
645340865
27096108
149521572
277117800
380221091
245528490
213875098
396058333
933532767
162638986
821335680
79462236
588446399
128641380
