86
8 6 4 2 1 3 5 7 9
0 0 0 0 0 0 0 0 0
0 10 0 0 0 0 0 11 0
12 0 13 0 14 0 15 0 16
0 0 0 0 0 0 0 0 0 
0 0 0 0 0 0 0 0 0
28 0 29 0 30 0 31 0 32
0 26 0 0 0 0 0 27 0
0 0 0 0 0 0 0 0 0 
24 22 20 18 17 19 21 23 25

8 6 4 2 1 3 5 0 9
0 0 0 0 0 0 0 0 0
0 10 0 0 0 0 7 11 0
12 0 13 0 14 0 15 0 16
0 0 0 0 0 0 0 0 0 
0 0 0 0 27 0 0 0 0
28 0 29 0 30 0 31 0 32
0 26 0 0 0 0 0 0 0
0 0 0 0 0 0 0 0 0 
24 22 20 18 17 19 21 23 25

8 6 4 2 1 3 5 7 9
0 0 0 0 0 0 0 0 0
0 10 0 0 0 0 0 11 0
12 0 13 0 0 0 15 0 16
0 0 0 0 0 0 0 0 0 
0 0 0 0 0 0 0 0 0
28 0 29 0 0 0 31 0 32
0 26 0 0 0 0 0 27 0
0 0 0 0 0 0 0 0 0 
24 22 20 18 17 19 21 23 25

8 0 4 2 1 3 5 7 9
0 0 0 0 0 0 0 0 0
0 10 0 0 0 0 0 11 0
12 0 13 0 14 0 15 0 16
0 0 0 0 0 0 0 0 0 
0 0 0 0 0 0 0 0 0
28 0 29 0 30 0 31 0 32
0 26 0 0 0 0 0 27 0
0 0 6 0 0 0 0 0 0 
24 22 20 18 17 19 21 23 25

8 0 4 2 1 3 5 7 9
0 0 0 0 0 0 0 0 0
0 10 0 0 0 0 0 11 0
12 0 13 0 14 0 15 0 16
0 0 0 0 0 0 0 0 0 
0 0 0 0 0 0 0 0 0
28 0 29 0 30 0 31 0 32
0 26 0 0 0 0 0 27 0
0 0 0 0 0 0 6 0 0 
24 22 20 18 17 19 21 23 25

8 0 4 2 1 3 5 7 9
0 0 0 0 0 0 0 0 0
0 10 0 0 0 0 0 11 0
12 0 13 0 14 0 15 0 16
0 0 0 0 0 0 0 0 0 
0 0 0 0 0 0 0 0 0
28 0 29 0 30 0 31 0 32
0 26 0 0 0 0 0 27 0
0 0 0 0 17 0 0 0 0 
24 22 20 18 0 19 6 23 25

8 6 4 2 1 3 5 7 9
0 0 0 0 0 0 0 0 0
0 10 0 0 0 0 0 11 0
12 0 13 0 24 0 15 0 16
0 0 0 0 0 0 0 0 0 
0 0 0 0 0 0 0 0 0
28 0 29 0 30 0 31 0 32
0 26 0 0 0 0 0 27 0
0 0 0 0 0 0 0 0 0 
0 22 20 18 17 19 21 23 25

8 6 4 2 1 3 0 0 25
0 0 0 0 0 0 0 0 0
0 10 0 0 0 0 0 11 0
12 0 13 0 14 0 15 0 16
0 0 0 0 0 0 0 0 0 
0 0 0 0 0 0 0 0 0
28 0 29 0 30 0 31 0 32
0 26 0 0 0 0 0 27 0
0 0 0 0 0 0 0 0 0 
24 22 20 18 17 19 21 23 0

8 6 4 2 1 3 5 7 9
0 0 0 0 0 0 0 0 0
0 0 0 0 0 0 0 11 0
12 0 13 0 14 0 15 0 16
0 0 0 0 0 0 0 0 0 
0 0 0 0 10 0 0 0 0
28 0 29 0 30 0 31 0 32
0 26 0 0 0 0 0 27 0
0 0 0 0 0 0 0 0 0 
24 22 20 18 17 19 21 23 25

8 6 4 2 1 3 5 7 9
0 0 0 0 0 0 0 0 0
0 0 0 0 0 0 0 0 0
12 0 13 0 14 0 15 0 16
0 0 0 0 0 0 0 0 0 
0 0 0 0 10 0 0 0 0
28 0 29 0 11 0 31 0 32
0 26 0 0 0 0 0 27 0
0 0 0 0 0 0 0 0 0 
24 22 20 18 17 19 21 23 25

8 6 4 2 1 3 5 7 9
0 0 0 0 0 0 0 0 0
0 0 0 0 0 0 0 11 0
12 0 13 0 14 0 15 0 16
0 0 0 0 0 0 0 0 0 
0 0 0 0 10 0 0 0 0
28 0 29 0 30 0 31 0 32
0 0 0 0 26 0 0 27 0
0 0 0 0 0 0 0 0 0 
24 22 20 18 17 19 21 23 25

8 6 4 2 1 3 5 7 9
0 0 0 0 0 0 0 0 0
0 10 0 0 0 0 0 11 0
0 0 13 0 14 0 15 0 16
0 0 0 0 0 0 0 0 0 
0 0 0 0 0 0 0 0 0
28 0 29 0 30 0 31 0 32
0 26 0 0 0 0 0 27 0
0 0 0 0 12 0 0 0 0 
24 22 20 18 17 19 21 23 25

8 6 4 2 1 3 5 7 9
0 0 0 0 30 0 0 0 0
0 10 0 0 0 0 0 11 0
12 0 13 0 14 0 15 0 16
0 0 0 0 0 0 0 0 0 
0 0 0 0 0 0 0 0 0
28 0 29 0 0 0 31 0 32
0 26 0 0 0 0 0 27 0
0 0 0 0 0 0 0 0 0 
24 22 20 18 17 19 21 23 25

8 6 4 2 1 30 5 7 9
0 0 0 0 0 0 0 0 0
0 10 0 0 0 0 0 11 0
12 0 13 0 14 0 15 0 16
0 0 0 0 0 0 0 0 0 
0 0 0 0 0 0 0 0 0
28 0 29 0 0 0 31 0 32
0 26 0 0 0 0 0 27 0
0 0 0 0 0 0 0 0 0 
24 22 20 18 17 19 21 23 25

0 0 0 0 1 0 0 0 0
0 0 0 0 0 0 0 0 0
0 0 0 22 0 0 0 0 0
0 0 0 0 0 0 0 0 0
0 0 0 0 0 0 0 0 0 
0 0 0 0 0 0 0 0 0
28 0 29 0 30 0 31 0 32
0 26 0 0 0 0 0 27 0
0 0 0 0 0 0 0 0 0 
24 0 20 18 17 19 21 23 25

0 0 0 0 1 0 0 0 0
0 0 0 0 0 0 0 0 0
0 0 0 0 0 22 0 0 0
0 0 0 0 0 0 0 0 0
0 0 0 0 0 0 0 0 0 
0 0 0 0 0 0 0 0 0
28 0 29 0 30 0 31 0 32
0 26 0 0 0 0 0 27 0
0 0 0 0 0 0 0 0 0 
24 0 20 18 17 19 21 23 25

0 0 0 0 1 0 0 0 0
0 0 0 8 0 0 0 0 0
0 0 0 22 0 0 0 0 0
0 0 0 0 0 0 0 0 0
0 0 0 0 0 0 0 0 0 
0 0 0 0 0 0 0 0 0
28 0 29 0 30 0 31 0 32
0 26 0 0 0 0 0 27 0
0 0 0 0 0 0 0 0 0 
24 0 20 18 17 19 21 23 25

0 0 0 0 1 0 0 0 0
0 0 0 0 0 8 0 0 0
0 0 0 0 0 22 0 0 0
0 0 0 0 0 0 0 0 0
0 0 0 0 0 0 0 0 0 
0 0 0 0 0 0 0 0 0
28 0 29 0 30 0 31 0 32
0 26 0 0 0 0 0 27 0
0 0 0 0 0 0 0 0 0 
24 0 20 18 17 19 21 23 25

0 0 22 0 0 0 0 0 0
0 0 0 0 1 0 0 0 0
0 0 0 0 0 0 0 0 0
0 0 0 0 0 0 0 0 0
0 0 0 0 0 0 0 0 0 
0 0 0 0 0 0 0 0 0
28 0 29 0 30 0 31 0 32
0 26 0 0 0 0 0 27 0
0 0 0 0 0 0 0 0 0 
24 0 20 18 17 19 21 23 25

0 0 0 0 0 0 0 0 0
0 0 0 0 1 0 0 0 0
0 0 22 0 0 0 0 0 0
0 0 0 0 0 0 0 0 0
0 0 0 0 0 0 0 0 0 
0 0 0 0 0 0 0 0 0
28 0 29 0 30 0 31 0 32
0 26 0 0 0 0 0 27 0
0 0 0 0 0 0 0 0 0 
24 0 20 18 17 19 21 23 25

0 0 22 8 0 0 0 0 0
0 0 0 0 1 0 0 0 0
0 0 0 0 0 0 0 0 0
0 0 0 0 0 0 0 0 0
0 0 0 0 0 0 0 0 0 
0 0 0 0 0 0 0 0 0
28 0 29 0 30 0 31 0 32
0 26 0 0 0 0 0 27 0
0 0 0 0 0 0 0 0 0 
24 0 20 18 17 19 21 23 25

0 0 0 0 0 0 0 0 0
0 0 0 0 1 0 0 0 0
0 0 22 8 0 0 0 0 0
0 0 0 0 0 0 0 0 0
0 0 0 0 0 0 0 0 0 
0 0 0 0 0 0 0 0 0
28 0 29 0 30 0 31 0 32
0 26 0 0 0 0 0 27 0
0 0 0 0 0 0 0 0 0 
24 0 20 18 17 19 21 23 25

0 0 0 22 0 0 0 0 0
0 0 0 0 0 0 0 0 0
0 0 0 0 1 0 0 0 0
0 0 0 0 0 0 0 0 0
0 0 0 0 0 0 0 0 0 
0 0 0 0 0 0 0 0 0
28 0 29 0 30 0 31 0 32
0 26 0 0 0 0 0 27 0
0 0 0 0 0 0 0 0 0 
24 0 20 18 17 19 21 23 25

0 0 0 0 0 22 0 0 0
0 0 0 0 0 0 0 0 0
0 0 0 0 1 0 0 0 0
0 0 0 0 0 0 0 0 0
0 0 0 0 0 0 0 0 0 
0 0 0 0 0 0 0 0 0
28 0 29 0 30 0 31 0 32
0 26 0 0 0 0 0 27 0
0 0 0 0 0 0 0 0 0 
24 0 20 18 17 19 21 23 25

0 0 0 22 0 0 0 0 0
0 0 0 8 0 0 0 0 0
0 0 0 0 1 0 0 0 0
0 0 0 0 0 0 0 0 0
0 0 0 0 0 0 0 0 0 
0 0 0 0 0 0 0 0 0
28 0 29 0 30 0 31 0 32
0 26 0 0 0 0 0 27 0
0 0 0 0 0 0 0 0 0 
24 0 20 18 17 19 21 23 25

0 0 0 0 0 22 0 0 0
0 0 0 0 0 8 0 0 0
0 0 0 0 1 0 0 0 0
0 0 0 0 0 0 0 0 0
0 0 0 0 0 0 0 0 0 
0 0 0 0 0 0 0 0 0
28 0 29 0 30 0 31 0 32
0 26 0 0 0 0 0 27 0
0 0 0 0 0 0 0 0 0 
24 0 20 18 17 19 21 23 25

0 0 0 0 0 23 0 0 0
0 0 0 1 0 0 0 0 0
0 0 0 0 0 0 0 0 0
0 0 0 0 0 0 0 0 0
0 0 0 0 0 0 0 0 0 
0 0 0 0 0 0 0 0 0
28 0 29 0 30 0 31 0 32
0 26 0 0 0 0 0 27 0
0 0 0 0 0 0 0 0 0 
24 22 20 18 17 19 21 0 25

0 0 0 0 0 0 0 0 0
0 0 0 1 0 0 0 0 0
0 0 0 0 0 23 0 0 0
0 0 0 0 0 0 0 0 0
0 0 0 0 0 0 0 0 0 
0 0 0 0 0 0 0 0 0
28 0 29 0 30 0 31 0 32
0 26 0 0 0 0 0 27 0
0 0 0 0 0 0 0 0 0 
24 22 20 18 17 19 21 0 25

0 0 0 0 8 23 0 0 0
0 0 0 1 0 0 0 0 0
0 0 0 0 0 0 0 0 0
0 0 0 0 0 0 0 0 0
0 0 0 0 0 0 0 0 0 
0 0 0 0 0 0 0 0 0
28 0 29 0 30 0 31 0 32
0 26 0 0 0 0 0 27 0
0 0 0 0 0 0 0 0 0 
24 22 20 18 17 19 21 0 25

0 0 0 0 0 0 0 0 0
0 0 0 1 0 0 0 0 0
0 0 0 0 8 23 0 0 0
0 0 0 0 0 0 0 0 0
0 0 0 0 0 0 0 0 0 
0 0 0 0 0 0 0 0 0
28 0 29 0 30 0 31 0 32
0 26 0 0 0 0 0 27 0
0 0 0 0 0 0 0 0 0 
24 22 20 18 17 19 21 0 25

8 6 4 2 1 3 5 7 9
0 0 0 0 0 0 0 0 0
0 10 0 0 0 0 0 11 0
12 0 13 0 14 0 15 0 16
0 0 0 0 27 0 0 0 0 
0 0 0 0 0 0 0 0 0
28 0 29 0 30 0 31 0 32
0 26 0 0 0 0 0 0 0
0 0 0 0 0 0 0 0 0 
24 22 20 18 17 19 21 23 25

8 6 4 2 1 3 26 7 9
0 0 0 0 0 0 0 0 0
0 10 0 0 0 0 0 11 0
12 0 13 0 14 0 15 0 16
0 0 0 0 0 0 0 0 0 
0 0 0 0 0 0 0 0 0
28 0 29 0 30 0 31 0 32
0 0 0 0 0 0 0 27 0
0 0 0 0 0 0 0 0 0 
24 22 20 18 17 19 21 23 25

8 6 27 2 1 3 5 7 9
0 0 0 0 0 0 0 0 0
0 10 0 0 0 0 0 11 0
12 0 13 0 14 0 15 0 16
0 0 0 0 0 0 0 0 0 
0 0 0 0 0 0 0 0 0
28 0 29 0 30 0 31 0 32
0 26 0 0 0 0 0 0 0
0 0 0 0 0 0 0 0 0 
24 22 20 18 17 19 21 23 25

27 6 4 2 1 3 5 7 9
0 0 0 0 0 0 0 0 0
0 10 0 0 0 0 0 11 0
12 0 13 0 14 0 15 0 16
0 0 0 0 0 0 0 0 0 
0 0 0 0 0 0 0 0 0
28 0 29 0 30 0 31 0 32
0 26 0 0 0 0 0 0 0
0 0 0 0 0 0 0 0 0 
24 22 20 18 17 19 21 23 25

8 6 4 2 1 3 5 7 26
0 0 0 0 0 0 0 0 0
0 10 0 0 0 0 0 11 0
12 0 13 0 14 0 15 0 16
0 0 0 0 0 0 0 0 0 
0 0 0 0 0 0 0 0 0
28 0 29 0 30 0 31 0 32
0 0 0 0 0 0 0 27 0
0 0 0 0 0 0 0 0 0 
24 22 20 18 17 19 21 23 25

8 6 4 2 1 3 5 7 9
0 0 0 0 0 0 0 0 0
0 10 0 0 26 0 0 11 0
12 0 13 0 14 0 15 0 16
0 0 0 0 0 0 0 0 0 
0 0 0 0 0 0 0 0 0
28 0 29 0 30 0 31 0 32
0 0 0 0 0 0 0 27 0
0 0 0 0 0 0 0 0 0 
24 22 20 18 17 19 21 23 25

8 6 4 24 1 3 5 7 9
0 0 0 0 0 0 0 0 0
0 10 0 0 0 0 0 11 0
12 0 13 0 14 0 15 0 16
0 0 0 0 0 0 0 0 0 
0 0 0 0 0 0 0 0 0
28 0 29 0 30 0 31 0 32
0 26 0 0 0 0 0 27 0
0 0 0 0 0 0 0 0 0 
0 22 20 18 17 19 21 23 25

8 6 24 2 1 3 5 7 9
0 0 0 0 0 0 0 0 0
0 10 0 0 0 0 0 11 0
12 0 13 0 14 0 15 0 16
0 0 0 0 0 0 0 0 0 
0 0 0 0 0 0 0 0 0
28 0 29 0 30 0 31 0 32
0 26 0 0 0 0 0 27 0
0 0 0 0 0 0 0 0 0 
0 22 20 18 17 19 21 23 25

8 6 4 2 1 3 5 7 0
0 0 0 0 0 0 0 0 0
0 10 0 0 0 0 0 11 0
12 0 13 0 14 0 15 0 16
0 0 0 0 0 0 0 0 0 
0 0 0 0 0 0 0 0 0
28 0 29 0 30 0 31 0 32
0 26 0 0 0 0 0 27 0
0 0 0 0 0 0 0 0 0 
24 22 20 18 17 9 21 23 25

8 6 4 2 1 3 5 7 9
0 0 0 0 0 0 0 0 0
0 10 0 0 0 0 0 0 0
12 0 13 0 14 0 15 0 16
0 0 0 0 0 0 0 0 0 
0 0 0 0 11 0 0 0 0
28 0 29 0 30 0 31 0 32
0 26 0 0 0 0 0 27 0
0 0 0 0 0 0 0 0 0 
24 22 20 18 17 19 21 23 25

8 6 4 2 1 3 5 7 9
0 0 0 0 0 0 0 0 0
0 0 0 0 0 0 0 11 0
12 0 13 0 14 0 15 0 16
0 0 0 0 0 0 0 0 0 
0 0 0 0 0 0 0 0 0
28 0 29 0 30 0 31 0 32
0 26 0 0 10 0 0 27 0
0 0 0 0 0 0 0 0 0 
24 22 20 18 17 19 21 23 25

8 6 4 2 1 3 5 7 9
0 0 0 0 0 0 0 0 0
0 10 0 0 0 0 0 11 0
0 0 13 0 14 0 15 0 16
0 0 0 0 0 0 0 0 0 
0 0 0 0 0 0 0 0 0
28 0 29 0 30 0 31 0 32
0 26 0 0 0 0 0 27 0
0 0 0 0 12 0 0 0 0 
24 22 20 18 17 19 21 23 25

8 6 4 2 1 3 5 7 9
0 0 0 0 0 0 0 0 0
0 10 0 0 0 0 0 11 0
12 0 0 0 14 0 15 0 16
0 0 0 0 0 0 0 0 0 
0 0 0 0 0 0 0 0 0
28 0 29 0 30 0 31 0 32
0 26 0 0 0 0 0 27 0
0 0 0 0 0 0 0 0 0 
24 22 20 13 17 19 21 23 25

8 6 4 2 1 3 5 7 9
0 0 0 0 0 0 0 0 0
0 10 0 0 0 0 0 11 0
12 0 13 0 0 0 15 0 16
0 0 0 0 0 0 0 0 0 
0 0 0 0 0 0 0 0 0
28 0 29 0 30 0 31 0 32
0 26 0 0 0 0 0 27 0
0 0 0 0 0 0 0 0 0 
24 22 20 18 17 14 21 23 25

8 6 4 2 1 3 5 7 9
0 0 0 0 0 0 0 0 0
0 10 0 0 0 0 0 11 0
12 0 13 1 14 0 0 0 16
0 0 0 0 0 0 0 0 0 
0 0 0 0 0 0 0 0 0
28 0 29 0 30 0 31 0 32
0 26 0 0 0 0 0 27 0
0 0 0 0 17 0 0 0 0 
24 22 20 18 15 19 21 23 25

8 6 4 2 29 3 5 7 9
0 0 0 0 1 0 0 0 0
0 10 0 0 0 0 0 11 0
12 0 13 0 14 0 15 0 16
0 0 0 0 0 0 0 0 0 
0 0 0 0 0 0 0 0 0
28 0 0 0 30 0 31 0 32
0 26 0 0 0 0 0 27 0
0 0 0 0 0 0 0 0 0 
24 22 20 18 17 19 21 23 25

8 6 4 2 1 3 5 7 9
0 0 0 0 0 0 0 0 0
0 10 0 0 0 0 0 11 0
12 0 13 0 14 0 15 0 0
0 0 0 0 0 0 0 0 0 
0 0 0 0 0 0 0 0 0
28 0 29 0 30 0 31 0 32
0 26 0 0 16 0 0 27 0
0 0 0 0 0 0 0 0 0 
24 22 20 18 17 19 21 23 25

8 6 4 2 1 3 5 7 9
0 0 0 0 0 0 0 0 0
0 10 0 0 0 0 0 11 0
12 0 13 0 0 0 15 0 16
0 0 0 0 0 0 0 0 0 
0 0 0 0 0 0 0 0 0
28 0 29 0 30 0 31 0 32
0 26 0 0 0 0 0 27 0
0 0 0 0 0 0 0 0 0 
24 22 14 18 17 19 21 23 25

8 6 4 2 1 3 5 7 9
0 0 0 0 0 0 0 0 0
0 10 0 0 0 0 0 11 0
12 0 0 0 14 0 15 0 16
0 0 0 0 0 0 0 0 0 
0 0 0 0 0 0 0 0 0
28 0 29 0 30 0 31 0 32
0 26 0 0 0 0 0 27 0
0 0 0 0 0 0 0 0 0 
24 22 20 18 17 0 13 23 25

8 6 4 2 1 3 5 7 9 
0 0 0 0 0 0 0 0 0 
0 10 0 0 0 0 0 11 0 
12 0 13 0 14 0 15 0 16 
0 0 0 0 0 0 0 0 0 
0 0 0 0 0 0 31 0 0 
28 0 29 0 30 0 0 0 32 
0 26 0 0 0 0 0 27 0 
0 0 0 0 0 0 0 0 0 
24 22 20 18 17 19 21 23 25 

8 6 4 2 1 3 5 7 9 
0 0 0 0 0 0 0 0 0 
0 0 0 0 0 0 0 11 0 
12 10 13 0 14 0 15 0 16 
0 0 0 0 0 0 0 0 0 
0 0 0 0 0 0 31 0 0 
28 0 29 0 30 0 0 0 32 
0 26 0 0 0 0 23 27 0 
0 0 0 0 0 0 0 0 0 
24 22 20 18 17 19 21 0 25 

8 6 4 2 1 3 5 7 9 
0 0 0 0 0 0 0 0 0 
0 10 0 0 0 0 0 11 0 
12 0 13 0 14 0 15 0 16 
0 0 0 0 0 0 0 0 0 
0 0 0 0 0 23 31 0 0 
28 0 29 0 30 0 0 0 32 
0 26 0 0 0 0 0 27 0 
0 0 0 0 0 0 0 0 0 
24 22 20 18 17 19 21 0 25 

8 6 4 2 1 3 5 7 9 
0 0 0 0 0 0 0 0 0 
0 0 0 0 0 0 0 11 0 
12 10 13 0 14 0 23 0 16 
0 0 0 0 0 0 0 0 0 
0 0 0 0 0 0 31 0 0 
28 0 29 0 30 0 0 0 32 
0 26 0 0 0 0 0 27 0 
0 0 0 0 0 0 0 0 0 
24 22 20 18 17 19 21 0 25 

8 6 4 2 1 3 5 7 9 
0 0 0 0 0 0 0 23 0 
0 10 0 0 0 0 0 11 0 
12 0 13 0 14 0 0 0 16 
0 0 0 0 0 0 0 0 0 
0 0 0 0 0 0 31 0 0 
28 0 29 0 30 0 0 0 32 
0 26 0 0 0 0 0 27 0 
0 0 0 0 0 0 0 0 0 
24 22 20 18 17 19 21 0 25 

8 6 4 2 1 3 5 7 9 
0 0 0 0 0 0 0 0 0 
0 0 0 0 0 23 0 11 0 
12 10 13 0 14 0 0 0 16 
0 0 0 0 0 0 0 0 0 
0 0 0 0 0 0 31 0 0 
28 0 29 0 30 0 0 0 32 
0 26 0 0 0 0 0 27 0 
0 0 0 0 0 0 0 0 0 
24 22 20 18 17 19 21 0 25 

8 6 4 2 0 3 23 7 9 
0 0 0 0 1 0 0 0 0 
0 0 0 0 0 0 0 11 0 
12 10 13 0 14 0 0 0 16 
0 0 0 0 0 0 0 0 0 
0 0 0 0 0 0 31 0 0 
28 0 29 0 30 0 0 0 32 
0 26 0 0 0 0 0 27 0 
0 0 0 0 0 0 0 0 0 
24 22 20 18 17 19 21 0 25 

8 6 4 2 0 3 0 7 9 
0 0 0 0 0 1 0 0 0 
0 0 0 0 0 0 0 23 0 
12 10 13 0 14 0 0 0 16 
0 0 0 0 0 0 0 0 0 
0 0 0 0 0 0 31 0 0 
28 0 29 0 30 0 0 0 32 
0 26 0 0 0 0 0 27 0 
0 0 0 0 0 0 0 0 0 
24 22 20 18 17 19 21 0 25 

8 6 4 2 0 3 0 7 9 
0 0 0 0 0 0 0 0 0 
0 0 0 0 0 1 0 23 0 
12 10 13 0 14 0 0 0 16 
0 0 0 0 0 0 0 0 0 
0 0 0 0 0 0 31 0 0 
28 0 29 0 30 0 0 0 32 
0 26 22 0 0 0 0 27 0 
0 0 0 0 0 0 0 0 0 
24 0 20 18 17 19 21 0 25 

8 6 4 2 0 3 0 7 9 
0 0 0 0 0 0 0 0 0 
0 10 0 0 0 1 0 23 0 
12 0 13 0 14 0 0 0 16 
0 0 0 0 0 0 0 0 0 
0 0 29 0 0 0 31 0 0 
28 0 0 0 30 0 0 0 32 
0 26 22 0 0 0 0 27 0 
0 0 0 0 0 0 0 0 0 
24 0 20 18 17 19 21 0 25 

8 6 4 2 0 3 0 7 9 
0 0 0 0 0 0 0 0 0 
0 0 0 0 0 1 0 23 0 
12 10 13 0 14 0 0 0 16 
0 0 0 0 0 0 0 0 0 
0 0 29 22 0 0 31 0 0 
28 0 0 0 30 0 0 0 32 
0 26 0 0 0 0 0 27 0 
0 0 0 0 0 0 0 0 0 
24 0 20 18 17 19 21 0 25 

8 6 4 2 0 3 0 7 9 
0 0 0 0 0 0 0 0 0 
0 10 0 0 0 1 0 23 0 
12 0 22 0 14 0 0 0 16 
0 0 0 0 0 0 0 0 0 
0 0 29 0 0 0 31 0 0 
28 0 0 0 30 0 0 0 32 
0 26 0 0 0 0 0 27 0 
0 0 0 0 0 0 0 0 0 
24 0 20 18 17 19 21 0 25 

8 6 4 2 0 3 0 7 9 
0 0 0 22 0 0 0 0 0 
0 0 0 0 0 1 0 23 0 
12 10 0 0 14 0 0 0 16 
0 0 0 0 0 0 0 0 0 
0 0 29 0 0 0 31 0 0 
28 0 0 0 30 0 0 0 32 
0 26 0 0 0 0 0 27 0 
0 0 0 0 0 0 0 0 0 
24 0 20 18 17 19 21 0 25 

8 6 4 2 0 3 0 7 9 
0 0 0 0 0 0 0 0 0 
0 0 0 0 1 0 0 23 0 
12 10 22 0 14 0 0 0 16 
0 0 0 0 0 0 0 0 0 
0 0 29 0 0 0 31 0 0 
28 0 0 0 30 0 0 0 32 
0 26 0 0 0 0 0 27 0 
0 0 0 0 0 0 0 0 0 
24 0 20 18 17 19 21 0 25 

8 6 4 2 0 3 0 7 9 
0 0 0 0 1 0 0 0 0 
0 0 0 0 0 0 0 23 0 
12 10 22 0 14 0 0 0 16 
0 0 0 0 0 0 0 0 0 
0 0 29 0 0 0 31 0 0 
28 0 0 0 30 0 0 0 32 
0 26 0 0 27 0 0 0 0 
0 0 0 0 0 0 0 0 0 
24 0 20 18 17 19 21 0 25 

8 6 4 2 0 3 0 7 9 
0 0 0 0 1 0 0 0 0 
0 0 0 0 0 0 0 23 0 
12 10 22 0 0 0 0 0 16 
0 0 0 0 27 0 0 0 0 
0 0 29 0 0 0 31 0 0 
28 0 0 0 30 0 0 0 32 
0 26 0 0 0 0 0 0 0 
0 0 0 0 0 0 0 0 0 
24 0 20 18 17 19 21 0 25 

8 6 4 2 0 3 0 7 9 
0 0 0 0 1 0 0 0 0 
0 10 0 0 22 0 0 23 0 
12 0 0 0 0 0 0 0 16 
0 0 0 0 27 0 0 0 0 
0 0 29 0 0 0 31 0 0 
28 0 0 0 30 0 0 0 32 
0 26 0 0 0 0 0 0 0 
0 0 0 0 0 0 0 0 0 
24 0 20 18 17 19 21 0 25 

8 6 4 2 0 3 0 7 9 
0 0 0 0 0 0 0 0 0 
0 10 0 0 1 0 0 23 0 
12 0 0 0 0 0 0 0 16 
0 0 29 0 27 0 0 0 0 
0 0 0 0 0 0 31 0 0 
28 0 0 0 30 0 0 0 32 
0 26 0 0 0 0 0 0 0 
0 0 0 0 0 0 0 0 0 
24 0 20 18 17 19 21 0 25 

8 6 4 2 0 3 0 7 9 
0 0 0 0 0 0 0 0 0 
0 0 0 0 1 0 0 23 0 
12 10 29 0 0 0 0 0 16 
0 0 0 0 27 0 0 0 0 
0 0 0 0 0 0 31 0 0 
28 0 0 0 30 0 0 0 32 
0 26 0 0 0 0 0 0 0 
0 0 0 0 0 0 0 0 0 
24 0 20 18 17 19 21 0 25 

8 6 4 2 0 3 0 7 9 
0 0 0 0 0 0 0 0 0 
0 10 0 0 1 0 0 23 0 
12 0 0 29 0 0 0 0 16 
0 0 0 0 27 0 0 0 0 
0 0 0 0 0 0 31 0 0 
28 0 0 0 30 0 0 0 32 
0 26 0 0 0 0 0 0 0 
0 0 0 0 0 0 0 0 0 
24 0 20 18 17 19 21 0 25 

8 6 4 2 0 3 0 7 9 
0 0 0 0 0 0 0 0 0 
0 0 0 0 1 0 0 23 0 
12 10 0 0 29 0 0 0 16 
0 0 0 0 27 0 0 0 0 
0 0 0 0 0 0 31 0 0 
28 0 0 0 30 0 0 0 32 
0 26 0 0 0 0 0 0 0 
0 0 0 0 0 0 0 0 0 
24 0 20 18 17 19 21 0 25 

8 6 4 2 0 3 0 7 9 
0 0 0 0 0 0 0 0 0 
0 0 0 0 29 1 0 23 0 
12 10 0 0 0 0 0 0 16 
0 0 0 0 27 0 0 0 0 
0 0 0 0 0 0 31 0 0 
28 0 0 0 30 0 0 0 32 
0 26 0 0 0 0 0 0 0 
0 0 0 0 0 0 0 0 0 
24 0 20 18 17 19 21 0 25 

8 6 0 2 0 3 0 7 9 
0 0 0 0 0 0 0 0 0 
0 0 0 0 4 1 0 23 0 
12 10 0 0 0 0 0 0 16 
0 0 0 0 27 0 0 0 0 
0 0 0 0 0 0 31 0 0 
28 0 0 0 30 0 0 0 32 
0 26 0 0 0 0 0 0 0 
0 0 0 0 0 0 0 0 25 
24 0 20 18 17 19 21 0 0 

8 6 0 2 0 3 0 7 9 
0 0 0 0 0 0 0 0 0 
0 0 0 0 4 1 0 23 0 
12 0 10 0 0 0 0 0 16 
0 0 0 0 27 0 0 0 0 
0 0 0 0 0 0 31 0 0 
28 0 0 0 30 0 0 0 32 
0 26 0 0 0 0 0 0 0 
0 0 0 0 0 25 0 0 0 
24 0 20 18 17 19 21 0 0 

8 6 0 2 0 3 0 7 9 
0 0 0 0 0 0 0 0 0 
0 0 0 0 4 1 0 23 0 
12 0 0 0 0 10 0 0 16 
0 0 0 0 27 25 0 0 0 
0 0 0 0 0 0 31 0 0 
28 0 0 0 30 0 0 0 32 
0 26 0 0 0 0 0 0 0 
0 0 0 0 0 0 0 0 0 
24 0 20 18 17 19 21 0 0 

8 6 4 2 0 3 0 7 9 
0 26 0 0 0 0 0 0 0 
0 0 0 0 0 1 0 23 0 
12 0 0 0 0 10 0 0 16 
0 0 0 0 27 25 0 0 0 
0 0 0 0 0 0 31 0 0 
28 0 0 0 30 0 0 0 32 
0 0 0 0 0 0 0 0 0 
0 0 0 0 0 0 0 0 0 
24 0 20 18 17 19 21 0 0 

8 6 0 2 0 3 0 7 9 
0 0 0 0 0 0 0 0 0 
0 26 0 0 4 1 0 23 0 
12 0 0 0 0 10 0 0 16 
0 0 0 0 27 25 0 0 0 
0 0 0 0 0 0 31 0 0 
28 0 0 0 30 0 0 0 32 
0 0 0 0 0 0 0 0 0 
0 0 0 0 0 0 0 0 0 
24 0 20 18 17 19 21 0 0 

8 0 0 2 0 3 0 7 9 
0 0 0 0 0 0 0 0 0 
26 0 6 0 4 1 0 23 0 
12 0 0 0 0 10 0 0 16 
0 0 0 0 27 25 0 0 0 
0 0 0 0 0 0 31 0 0 
28 0 0 0 30 0 0 0 32 
0 0 0 0 0 0 0 0 0 
0 0 0 0 0 0 0 0 0 
24 0 20 18 17 19 21 0 0 

8 0 0 2 0 3 0 7 9 
0 0 0 0 0 0 0 0 0 
26 0 6 0 4 1 0 23 0 
0 0 0 0 0 10 0 0 16 
12 0 0 0 27 0 25 0 0 
0 0 0 0 0 0 31 0 0 
28 0 0 0 30 0 0 0 32 
0 0 0 0 0 0 0 0 0 
0 0 0 0 0 0 0 0 0 
24 0 20 18 17 19 21 0 0 

8 0 0 2 0 3 0 7 9 
0 0 0 0 0 0 0 0 0 
26 0 6 0 4 1 25 23 0 
0 0 0 0 0 10 0 0 16 
0 0 0 0 27 0 0 0 0 
12 0 0 0 0 0 31 0 0 
28 0 0 0 30 0 0 0 32 
0 0 0 0 0 0 0 0 0 
0 0 0 0 0 0 0 0 0 
24 0 20 18 17 19 21 0 0 

8 0 0 2 0 3 0 0 9 
0 0 0 0 0 0 0 0 0 
26 0 6 0 4 1 7 23 0 
0 0 0 0 0 10 0 0 16 
0 0 0 0 27 0 0 0 0 
12 0 0 0 0 0 31 0 0 
28 0 0 0 30 0 0 0 32 
0 0 0 0 0 0 0 0 0 
0 0 0 0 0 0 0 0 0 
0 24 20 18 17 19 21 0 0 

8 0 0 2 0 3 0 0 9 
0 0 0 0 0 0 0 0 0 
26 24 6 0 4 1 0 23 0 
0 0 0 0 0 10 0 0 16 
0 0 0 0 27 0 0 7 0 
12 0 0 0 0 0 31 0 0 
28 0 0 0 30 0 0 0 32 
0 0 0 0 0 0 0 0 0 
0 0 0 0 0 0 0 0 0 
0 0 20 18 17 19 21 0 0 

8 0 0 2 0 3 0 9 0 
0 0 0 0 0 0 0 0 0 
26 0 24 0 4 1 0 23 0 
0 0 0 0 0 10 0 0 16 
0 0 0 0 27 0 0 7 0 
12 0 0 0 0 0 31 0 0 
28 0 0 0 30 0 0 0 32 
0 0 0 0 0 0 0 0 0 
0 0 0 0 0 0 0 0 0 
0 0 20 18 17 19 21 0 0 

0 8 0 2 0 3 0 9 0 
0 0 0 0 0 0 0 0 0 
26 0 0 0 24 1 0 23 0 
0 0 0 0 0 10 0 0 16 
0 0 0 0 27 0 0 7 0 
12 0 0 0 0 0 31 0 0 
28 0 0 0 30 0 0 0 32 
0 0 0 0 0 0 0 0 0 
0 0 0 0 0 0 0 0 0 
0 0 20 18 17 19 21 0 0 

0 8 0 2 0 3 0 9 0 
0 0 0 0 0 0 0 0 0 
26 0 0 0 1 0 0 23 0 
0 0 0 0 0 10 0 0 16 
0 0 27 0 0 0 0 7 0 
12 0 0 0 0 0 31 0 0 
28 0 0 0 30 0 0 0 32 
0 0 0 0 0 0 0 0 0 
0 0 0 0 0 0 0 0 0 
0 0 20 18 17 19 21 0 0 

0 8 0 2 0 3 0 0 0 
0 0 0 0 0 0 0 0 0 
26 0 27 0 1 0 0 9 0 
0 0 0 0 0 10 0 0 16 
0 0 0 0 0 0 0 7 0 
12 0 0 0 0 0 31 0 0 
28 0 0 0 30 0 0 0 32 
0 0 0 0 0 0 0 0 0 
0 0 0 0 0 0 0 0 0 
0 0 20 18 17 19 21 0 0 

0 8 0 2 0 3 0 0 0 
0 0 0 0 1 0 0 0 0 
0 0 27 0 0 0 0 26 0 
0 0 0 0 0 10 0 0 16 
0 0 0 0 0 0 0 7 0 
12 0 0 0 0 0 31 0 0 
28 0 0 0 30 0 0 0 32 
0 0 0 0 0 0 0 0 0 
0 0 0 0 0 0 0 0 0 
0 0 20 18 17 19 21 0 0 

0 8 0 2 1 3 0 26 0 
0 0 0 0 0 0 0 0 0 
0 0 27 0 0 0 0 0 0 
0 0 0 0 0 10 0 0 16 
0 0 0 0 0 0 0 7 0 
12 0 0 0 0 0 31 0 0 
28 0 0 0 30 0 0 0 32 
0 0 0 0 0 0 0 0 0 
0 0 0 0 0 0 0 0 0 
0 0 20 18 17 19 21 0 0 

